0.00000 0.00000 0.01569
0.00000 0.00000 0.03529
0.00000 0.00000 0.05098
0.00000 0.00000 0.07059
0.00000 0.00000 0.08627
0.00000 0.00000 0.10588
0.00000 0.00000 0.12157
0.00000 0.00000 0.14118
0.00000 0.00000 0.15686
0.00000 0.00000 0.17647
0.00000 0.00000 0.19216
0.00000 0.00000 0.21176
0.00000 0.00000 0.22745
0.00000 0.00000 0.24706
0.00000 0.00000 0.26667
0.00000 0.00000 0.28235
0.00000 0.00000 0.30196
0.00000 0.00000 0.31765
0.00000 0.00000 0.33725
0.00000 0.00000 0.35294
0.00000 0.00000 0.37255
0.00000 0.00000 0.38824
0.00000 0.00000 0.40784
0.00000 0.00000 0.42353
0.00000 0.00000 0.44314
0.00000 0.00000 0.45882
0.00000 0.00000 0.47843
0.00000 0.00000 0.49412
0.00000 0.00000 0.51373
0.00000 0.00000 0.53333
0.00000 0.00000 0.53333
0.00000 0.01961 0.50980
0.00000 0.04314 0.49020
0.00000 0.06667 0.47059
0.00000 0.08627 0.45098
0.00000 0.10980 0.43137
0.00000 0.13333 0.41176
0.00000 0.15294 0.39216
0.00000 0.17647 0.37255
0.00000 0.20000 0.35294
0.00000 0.21961 0.33333
0.00000 0.24314 0.31373
0.00000 0.26667 0.29412
0.00000 0.28627 0.27451
0.00000 0.30980 0.25490
0.00000 0.33333 0.23529
0.00000 0.35294 0.21569
0.00000 0.37647 0.19608
0.00000 0.39608 0.17647
0.00000 0.41961 0.15686
0.00000 0.44314 0.13725
0.00000 0.46275 0.11765
0.00000 0.48627 0.09804
0.00000 0.50980 0.07843
0.00000 0.52941 0.05882
0.00000 0.55294 0.03922
0.00000 0.57647 0.01961
0.00000 0.60000 0.00000
0.00000 0.60000 0.00000
0.07059 0.62745 0.00000
0.14118 0.65490 0.00000
0.21176 0.68235 0.00000
0.28235 0.71373 0.00000
0.35294 0.74118 0.00000
0.42353 0.76863 0.00000
0.49412 0.80000 0.00000
0.56471 0.82745 0.00000
0.63529 0.85490 0.00000
0.70588 0.88235 0.00000
0.77647 0.91373 0.00000
0.84706 0.94118 0.00000
0.91765 0.96863 0.00000
0.98824 1.00000 0.00000
1.00000 1.00000 0.00000
1.00000 0.97647 0.00000
1.00000 0.95686 0.00000
1.00000 0.93333 0.00000
1.00000 0.91373 0.00000
1.00000 0.89020 0.00000
1.00000 0.87059 0.00000
1.00000 0.85098 0.00000
1.00000 0.82745 0.00000
1.00000 0.80784 0.00000
1.00000 0.78431 0.00000
1.00000 0.76471 0.00000
1.00000 0.74118 0.00000
1.00000 0.72157 0.00000
1.00000 0.70196 0.00000
1.00000 0.67843 0.00000
1.00000 0.65882 0.00000
1.00000 0.63529 0.00000
1.00000 0.61569 0.00000
1.00000 0.59216 0.00000
1.00000 0.57255 0.00000
1.00000 0.55294 0.00000
1.00000 0.52941 0.00000
1.00000 0.50980 0.00000
1.00000 0.48627 0.00000
1.00000 0.46667 0.00000
1.00000 0.44314 0.00000
1.00000 0.42353 0.00000
1.00000 0.40392 0.00000
1.00000 0.38039 0.00000
1.00000 0.36078 0.00000
1.00000 0.33725 0.00000
1.00000 0.31765 0.00000
1.00000 0.29412 0.00000
1.00000 0.27451 0.00000
1.00000 0.25490 0.00000
1.00000 0.23137 0.00000
1.00000 0.21176 0.00000
1.00000 0.18824 0.00000
1.00000 0.16863 0.00000
1.00000 0.14510 0.00000
1.00000 0.12549 0.00000
1.00000 0.10588 0.00000
1.00000 0.08235 0.00000
1.00000 0.06275 0.00000
1.00000 0.03922 0.00000
1.00000 0.01961 0.00000
1.00000 0.00000 0.00000
